ReliefF - ReliefSeq: pleft=0.15667676622196722, prope=0.2681856836157662, pright=0.5751375501622665
ReliefF - SURFStar-mbd: pleft=0.015095468595444294, prope=0.04535465169701569, pright=0.93954987970754
ReliefF - SURF-mbd: pleft=0.10038322473305578, prope=0.16650255248425994, pright=0.7331142227826842
ReliefF - SURF: pleft=0.1828777781740008, prope=0.2884663412880153, pright=0.528655880537984
ReliefF - ReliefF: pleft=0.2382142766083405, prope=0.2690743157100449, pright=0.4927114076816146
ReliefF - SWRFStar-mbd: pleft=0.012327909981711349, prope=0.02761785279687179, pright=0.9600542372214169
ReliefF - SWRFStar: pleft=0.008145095201214146, prope=0.021062817142869283, pright=0.9707920876559166
ReliefF - ReliefF-diff: pleft=0.22262698622005633, prope=0.2659908843474673, pright=0.5113821294324764
ReliefF - ReliefF-exp-rank: pleft=1, prope=1, pright=0
ReliefF - Relief: pleft=0.17385804092139634, prope=0.26757322249771853, pright=0.5585687365808851
ReliefF - ReliefF-k-nearest: pleft=0.2382142766083405, prope=0.2690743157100449, pright=0.4927114076816146
ReliefF - MultiSURFStar: pleft=0.002637661971902682, prope=0.009168650093042685, pright=0.9881936879350547
ReliefF - MultiSURFStar-mbd: pleft=0.017402318924257143, prope=0.04044471349630696, pright=0.9421529675794359
ReliefF - SURFStar: pleft=0.010600000951291492, prope=0.023355465874410286, pright=0.9660445331742982
ReliefF - ReliefF: pleft=0.22262698622005633, prope=0.2659908843474673, pright=0.5113821294324764
ReliefF - BoostedSURF: pleft=0.002637661971902682, prope=0.009168650093042685, pright=0.9881936879350547
ReliefSeq - SURFStar-mbd: pleft=0.05991538239220726, prope=0.10113232693398033, pright=0.8389522906738124
ReliefSeq - SURF-mbd: pleft=0.19116825867765325, prope=0.24836340983028804, pright=0.5604683314920587
ReliefSeq - SURF: pleft=0.37675066948152214, prope=0.33860916052089474, pright=0.2846401699975831
ReliefSeq - ReliefF: pleft=0.4151381763302222, prope=0.33099239652210355, pright=0.25386942714767424
ReliefSeq - SWRFStar-mbd: pleft=0.04234836556020486, prope=0.06047959285113447, pright=0.8971720415886607
ReliefSeq - SWRFStar: pleft=0.029596705614372037, prope=0.050132148153110734, pright=0.9202711462325173
ReliefSeq - ReliefF-diff: pleft=0.3928022571423801, prope=0.336438538687718, pright=0.27075920416990185
ReliefSeq - ReliefF-exp-rank: pleft=0.5751375501622665, prope=0.2681856836157662, pright=0.15667676622196725
ReliefSeq - Relief: pleft=0.3811765862604352, prope=0.2602533047921606, pright=0.35857010894740415
ReliefSeq - ReliefF-k-nearest: pleft=0.4151381763302222, prope=0.33099239652210355, pright=0.25386942714767424
ReliefSeq - MultiSURFStar: pleft=0.014878990721187943, prope=0.030680462980770762, pright=0.9544405462980413
ReliefSeq - MultiSURFStar-mbd: pleft=0.050028625155310064, prope=0.08031943123123098, pright=0.869651943613459
ReliefSeq - SURFStar: pleft=0.036842219295777065, prope=0.05243610290419276, pright=0.9107216778000302
ReliefSeq - ReliefF: pleft=0.3928022571423801, prope=0.336438538687718, pright=0.27075920416990185
ReliefSeq - BoostedSURF: pleft=0.014878990721187943, prope=0.030680462980770762, pright=0.9544405462980413
SURFStar-mbd - SURF-mbd: pleft=0.7183805323219874, prope=0.15446873642499714, pright=0.12715073125301546
SURFStar-mbd - SURF: pleft=0.8619749571776705, prope=0.08980659190836882, pright=0.04821845091396071
SURFStar-mbd - ReliefF: pleft=0.8862669768584348, prope=0.07821070415584197, pright=0.03552231898572322
SURFStar-mbd - SWRFStar-mbd: pleft=0.25019362846612336, prope=0.16193948521312895, pright=0.5878668863207477
SURFStar-mbd - SWRFStar: pleft=0.18844053956304763, prope=0.17496125552869313, pright=0.6365982049082592
SURFStar-mbd - ReliefF-diff: pleft=0.8634723119119884, prope=0.08792974504658246, pright=0.04859794304142917
SURFStar-mbd - ReliefF-exp-rank: pleft=0.9395498797075399, prope=0.0453546516970158, pright=0.015095468595444306
SURFStar-mbd - Relief: pleft=0.8755876424863325, prope=0.08790944326517736, pright=0.03650291424849017
SURFStar-mbd - ReliefF-k-nearest: pleft=0.8862669768584348, prope=0.07821070415584197, pright=0.03552231898572322
SURFStar-mbd - MultiSURFStar: pleft=0.1388560162957718, prope=0.13876447503325207, pright=0.7223795086709761
SURFStar-mbd - MultiSURFStar-mbd: pleft=0.3083253856747936, prope=0.21267742132029133, pright=0.47899719300491506
SURFStar-mbd - SURFStar: pleft=0.2044943876403646, prope=0.1562966618621081, pright=0.6392089504975272
SURFStar-mbd - ReliefF: pleft=0.8634723119119884, prope=0.08792974504658246, pright=0.04859794304142917
SURFStar-mbd - BoostedSURF: pleft=0.1388560162957718, prope=0.13876447503325207, pright=0.7223795086709761
SURF-mbd - SURF: pleft=0.6128011535888838, prope=0.24956328712697007, pright=0.13763555928414617
SURF-mbd - ReliefF: pleft=0.6499627841950881, prope=0.23644321351799313, pright=0.11359400228691874
SURF-mbd - SWRFStar-mbd: pleft=0.08519999359724165, prope=0.09397075790165266, pright=0.8208292485011057
SURF-mbd - SWRFStar: pleft=0.06878747813857591, prope=0.0850005786186877, pright=0.8462119432427364
SURF-mbd - ReliefF-diff: pleft=0.6272335581844786, prope=0.24305687613615945, pright=0.12970956567936198
SURF-mbd - ReliefF-exp-rank: pleft=0.7331142227826841, prope=0.16650255248426005, pright=0.10038322473305583
SURF-mbd - Relief: pleft=0.5633739569242528, prope=0.21973280149808316, pright=0.216893241577664
SURF-mbd - ReliefF-k-nearest: pleft=0.6499627841950881, prope=0.23644321351799313, pright=0.11359400228691874
SURF-mbd - MultiSURFStar: pleft=0.054100369990260216, prope=0.06554459062997597, pright=0.8803550393797638
SURF-mbd - MultiSURFStar-mbd: pleft=0.10412348138520618, prope=0.12487471612389489, pright=0.7710018024908989
SURF-mbd - SURFStar: pleft=0.07677455676272801, prope=0.08314578161405428, pright=0.8400796616232177
SURF-mbd - ReliefF: pleft=0.6272335581844786, prope=0.24305687613615945, pright=0.12970956567936198
SURF-mbd - BoostedSURF: pleft=0.054100369990260216, prope=0.06554459062997597, pright=0.8803550393797638
SURF - ReliefF: pleft=0.3764376848590035, prope=0.3131377646329532, pright=0.3104245505080434
SURF - SWRFStar-mbd: pleft=0.039700714958038674, prope=0.05618313034300704, pright=0.9041161546989543
SURF - SWRFStar: pleft=0.026516940307227274, prope=0.04553971107720589, pright=0.9279433486155668
SURF - ReliefF-diff: pleft=0.3652466494666293, prope=0.2962442618570156, pright=0.3385090886763551
SURF - ReliefF-exp-rank: pleft=0.5286558805379838, prope=0.2884663412880154, pright=0.18287777817400075
SURF - Relief: pleft=0.3288868118495078, prope=0.28751978415367685, pright=0.3835934039968153
SURF - ReliefF-k-nearest: pleft=0.3764376848590035, prope=0.3131377646329532, pright=0.3104245505080434
SURF - MultiSURFStar: pleft=0.015446666495518357, prope=0.029762811163955183, pright=0.9547905223405264
SURF - MultiSURFStar-mbd: pleft=0.042843812763084105, prope=0.07226590048485593, pright=0.8848902867520599
SURF - SURFStar: pleft=0.026437780212126477, prope=0.0438344623981497, pright=0.9297277573897238
SURF - ReliefF: pleft=0.3652466494666293, prope=0.2962442618570156, pright=0.3385090886763551
SURF - BoostedSURF: pleft=0.015446666495518357, prope=0.029762811163955183, pright=0.9547905223405264
ReliefF - SWRFStar-mbd: pleft=0.03951925630152646, prope=0.053970786612752564, pright=0.906509957085721
ReliefF - SWRFStar: pleft=0.020065017729212885, prope=0.03885494501833642, pright=0.9410800372524507
ReliefF - ReliefF-diff: pleft=0.20468777667691457, prope=0.5338449241035355, pright=0.2614672992195499
ReliefF - ReliefF-exp-rank: pleft=0.4927114076816146, prope=0.2690743157100449, pright=0.2382142766083405
ReliefF - Relief: pleft=0.31676914335385475, prope=0.2602375554365661, pright=0.4229933012095791
ReliefF - ReliefF-k-nearest: pleft=1, prope=1, pright=0
ReliefF - MultiSURFStar: pleft=0.016961433051750005, prope=0.030055487277114268, pright=0.9529830796711357
ReliefF - MultiSURFStar-mbd: pleft=0.05083154028497604, prope=0.07248194991760148, pright=0.8766865097974225
ReliefF - SURFStar: pleft=0.02373183039844895, prope=0.040312967809268185, pright=0.9359552017922829
ReliefF - ReliefF: pleft=0.20468777667691457, prope=0.5338449241035355, pright=0.2614672992195499
ReliefF - BoostedSURF: pleft=0.016961433051750005, prope=0.030055487277114268, pright=0.9529830796711357
SWRFStar-mbd - SWRFStar: pleft=0.3809251965097481, prope=0.18073300416262084, pright=0.43834179932763107
SWRFStar-mbd - ReliefF-diff: pleft=0.9132266869769049, prope=0.05244649338692886, pright=0.03432681963616624
SWRFStar-mbd - ReliefF-exp-rank: pleft=0.9600542372214169, prope=0.02761785279687179, pright=0.012327909981711294
SWRFStar-mbd - Relief: pleft=0.8980162409557859, prope=0.059540317006809285, pright=0.0424434420374048
SWRFStar-mbd - ReliefF-k-nearest: pleft=0.906509957085721, prope=0.05397078661275245, pright=0.03951925630152653
SWRFStar-mbd - MultiSURFStar: pleft=0.3072972318458589, prope=0.16004653357346066, pright=0.5326562345806805
SWRFStar-mbd - MultiSURFStar-mbd: pleft=0.5146598654756739, prope=0.16420005369078183, pright=0.3211400808335443
SWRFStar-mbd - SURFStar: pleft=0.3877164401794985, prope=0.14688575855380404, pright=0.4653978012666974
SWRFStar-mbd - ReliefF: pleft=0.9132266869769049, prope=0.05244649338692886, pright=0.03432681963616624
SWRFStar-mbd - BoostedSURF: pleft=0.3072972318458589, prope=0.16004653357346066, pright=0.5326562345806805
SWRFStar - ReliefF-diff: pleft=0.9337519410386923, prope=0.04265152720996057, pright=0.023596531751347127
SWRFStar - ReliefF-exp-rank: pleft=0.9707920876559166, prope=0.021062817142869172, pright=0.008145095201214203
SWRFStar - Relief: pleft=0.9271915507967744, prope=0.046824599235065434, pright=0.025983849968160166
SWRFStar - ReliefF-k-nearest: pleft=0.9410800372524508, prope=0.03885494501833631, pright=0.020065017729212875
SWRFStar - MultiSURFStar: pleft=0.32188911509557805, prope=0.17224153855705193, pright=0.50586934634737
SWRFStar - MultiSURFStar-mbd: pleft=0.5466372160011204, prope=0.1759415472733239, pright=0.27742123672555574
SWRFStar - SURFStar: pleft=0.3967066450839972, prope=0.17110705118258884, pright=0.43218630373341393
SWRFStar - ReliefF: pleft=0.9337519410386923, prope=0.04265152720996057, pright=0.023596531751347127
SWRFStar - BoostedSURF: pleft=0.32188911509557805, prope=0.17224153855705193, pright=0.50586934634737
ReliefF-diff - ReliefF-exp-rank: pleft=0.5113821294324764, prope=0.2659908843474673, pright=0.22262698622005628
ReliefF-diff - Relief: pleft=0.3419971513280624, prope=0.24595184667770698, pright=0.4120510019942306
ReliefF-diff - ReliefF-k-nearest: pleft=0.26146729921955, prope=0.5338449241035355, pright=0.20468777667691462
ReliefF-diff - MultiSURFStar: pleft=0.01598716566094598, prope=0.029802915921596007, pright=0.9542099184174581
ReliefF-diff - MultiSURFStar-mbd: pleft=0.05850273350897274, prope=0.07708687128440717, pright=0.8644103952066201
ReliefF-diff - SURFStar: pleft=0.0337401579576778, prope=0.04756805129063013, pright=0.918691790751692
ReliefF-diff - ReliefF: pleft=1, prope=1, pright=0
ReliefF-diff - BoostedSURF: pleft=0.01598716566094598, prope=0.029802915921596007, pright=0.9542099184174581
ReliefF-exp-rank - Relief: pleft=0.17385804092139634, prope=0.26757322249771853, pright=0.5585687365808851
ReliefF-exp-rank - ReliefF-k-nearest: pleft=0.2382142766083405, prope=0.2690743157100449, pright=0.4927114076816146
ReliefF-exp-rank - MultiSURFStar: pleft=0.002637661971902682, prope=0.009168650093042685, pright=0.9881936879350547
ReliefF-exp-rank - MultiSURFStar-mbd: pleft=0.017402318924257143, prope=0.04044471349630696, pright=0.9421529675794359
ReliefF-exp-rank - SURFStar: pleft=0.010600000951291492, prope=0.023355465874410286, pright=0.9660445331742982
ReliefF-exp-rank - ReliefF: pleft=0.22262698622005633, prope=0.2659908843474673, pright=0.5113821294324764
ReliefF-exp-rank - BoostedSURF: pleft=0.002637661971902682, prope=0.009168650093042685, pright=0.9881936879350547
Relief - ReliefF-k-nearest: pleft=0.4229933012095791, prope=0.26023755543656624, pright=0.31676914335385464
Relief - MultiSURFStar: pleft=0.011448800301059698, prope=0.026529642149537458, pright=0.9620215575494029
Relief - MultiSURFStar-mbd: pleft=0.028660149247564066, prope=0.06641082899685458, pright=0.9049290217555813
Relief - SURFStar: pleft=0.04079901166915222, prope=0.05355513187925687, pright=0.9056458564515909
Relief - ReliefF: pleft=0.4120510019942306, prope=0.24595184667770698, pright=0.3419971513280624
Relief - BoostedSURF: pleft=0.011448800301059698, prope=0.026529642149537458, pright=0.9620215575494029
ReliefF-k-nearest - MultiSURFStar: pleft=0.016961433051750005, prope=0.030055487277114268, pright=0.9529830796711357
ReliefF-k-nearest - MultiSURFStar-mbd: pleft=0.05083154028497604, prope=0.07248194991760148, pright=0.8766865097974225
ReliefF-k-nearest - SURFStar: pleft=0.02373183039844895, prope=0.040312967809268185, pright=0.9359552017922829
ReliefF-k-nearest - ReliefF: pleft=0.20468777667691457, prope=0.5338449241035355, pright=0.2614672992195499
ReliefF-k-nearest - BoostedSURF: pleft=0.016961433051750005, prope=0.030055487277114268, pright=0.9529830796711357
MultiSURFStar - MultiSURFStar-mbd: pleft=0.6491541035453889, prope=0.15942623306011827, pright=0.1914196633944928
MultiSURFStar - SURFStar: pleft=0.4887738391619164, prope=0.15194149793039025, pright=0.35928466290769334
MultiSURFStar - ReliefF: pleft=0.9542099184174581, prope=0.029802915921595896, pright=0.015987165660946046
MultiSURFStar - BoostedSURF: pleft=1, prope=1, pright=0
MultiSURFStar-mbd - SURFStar: pleft=0.289635656119681, prope=0.15286982866136978, pright=0.5574945152189492
MultiSURFStar-mbd - ReliefF: pleft=0.8644103952066201, prope=0.07708687128440717, pright=0.058502733508972726
MultiSURFStar-mbd - BoostedSURF: pleft=0.1914196633944928, prope=0.15942623306011838, pright=0.6491541035453888
SURFStar - ReliefF: pleft=0.918691790751692, prope=0.04756805129063013, pright=0.03374015795767782
SURFStar - BoostedSURF: pleft=0.3592846629076934, prope=0.15194149793039025, pright=0.4887738391619164
ReliefF - BoostedSURF: pleft=0.01598716566094598, prope=0.029802915921596007, pright=0.9542099184174581
